 332   378
 329   385
 319   385
 316   392
 304   392
 298   399
 280   399
 266   406
 220   406
 208   399
 192   399
 186   392
 174   392
 170   385
 161   385
 158   378
 150   378
 148   371
 140   371
 140   364
 132   364
 133   357
 125   357
 119   350
 113   343
 108   336
 103   329
 99   322
 95   315
 92   308
 89   301
 87   294
 85   287
 83   280
 81   273
 80   266
 79   259
 78   252
 78   245
 78   238
 78   231
 78   224
 79   217
 80   210
 82   203
 83   196
 85   189
 88   182
 90   175
 93   168
 97   161
 101   154
 105   147
 110   140
 115   133
 121   126
 129   126
 128   119
 136   119
 136   112
 144   112
 144   105
 152   105
 154   98
 163   98
 166   91
 176   91
 181   84
 194   84
 201   77
 224   77
 260   77
 268   77
 288   77
 296   84
 309   84
 314   91
 324   91
 327   98
 336   98
 338   105
 346   105
 348   112
 356   112
 356   119
 364   119
 363   126
 369   133
 375   140
 380   147
 385   154
 389   161
 393   168
 396   175
 399   182
 401   189
 403   196
 405   203
 407   210
 408   217
 409   224
 409   231
 409   238
 409   245
 409   252
 408   259
 407   266
 406   273
 404   280
 402   287
 400   294
 397   301
 394   308
 391   315
 387   322
 382   329
 377   336
 372   343
 366   350
 367   357
 359   357
 359   364
 351   364
 350   371
 342   371
 332   378
 332   378
 332   378
 -1   -1
